14
38
91
37
50
85
97
79
64
74
19
99
68
26
7
33
97
18
72
31
12
62
67
94
20
21
75
28
24
9
22
1
59
59
81
26
83
2
37
6
1
61
61
41
81
64
21
34
28
68
11
32
51
85
26
60
57
27
87
45
29
27
8
48
40
33
1
71
80
43
54
42
94
74
78
73
53
35
47
63
30
88
86
88
25
64
67
7
15
54
26
42
3
95
55
51
10
89
35
8
90
43
81
39
26
62
1
7
4
32
65
23
38
77
28
1
9
44
62
86
40
85
90
87
84
13
53
49
54
16
48
87
31
16
61
39
48
89
23
78
89
47
83
22
63
82
34
94
96
29
10
38
59
94
42
60
22
85
91
21
47
79
72
31
80
56
4
3
82
92
9
24
74
29
83
31
81
23
21
68
57
30
8
88
50
37
100
60
67
22
94
18
57
30
72
74
21
38
76
83
68
11
77
31
35
82
39
57
54
10
84
93
87
45
87
95
20
72
44
9
7
89
23
65
30
60
56
77
18
25
42
20
65
100
66
70
48
80
1
9
18
3
88
88
75
35
78
94
70
26
25
49
65
73
31
30
64
58
42
88
87
74
56
76
59
98
9
61
47
53
63
53
99
49
83
73
31
5
39
52
89
13
76
65
85
94
30
76
2
39
81
95
24
75
26
99
40
43
22
86
27
40
88
19
7
7
42
94
32
44
87
93
45
38
27
90
96
54
17
14
29
3
17
83
39
32
51
26
4
50
19
6
77
1
6
62
2
81
19
49
54
10
26
25
41
37
67
64
75
67
6
25
76
46
89
10
71
66
96
25
23
92
6
5
92
55
30
10
83
50
34
64
34
46
12
31
38
27
69
21
77
30
40
95
47
40
50
54
48
41
77
13
60
43
50
37
51
99
82
63
89
52
41
42
13
57
51
90
51
4
27
93
77
96
30
62
86
37
78
48
79
11
73
42
64
51
81
2
100
76
73
46
45
44
72
6
94
65
8
54
37
64
80
4
74
76
11
56
74
78
20
88
14
30
48
90
84
81
45
55
2
25
74
10
70
30
74
54
31
14
78
43
2
81
13
34
97
80
52
98
62
67
49
71
11
28
34
2
1
28
23
100
18
93
35
18
32
38
89
43
90
29
31
92
40
67
30
56
53
64
95
9
26
48
69
46
70
75
48
40
6
6
12
2
84
59
85
52
66
75
17
94
83
80
55
19
32
9
5
17
89
88
18
20
73
23
66
91
13
6
69
30
20
37
47
91
20
95
16
58
36
35
66
26
34
81
41
69
51
87
80
98
7
76
18
98
66
24
57
45
10
28
15
69
75
45
16
35
87
12
95
44
17
94
58
23
98
76
67
61
99
93
38
49
26
7
54
76
89
79
41
28
16
71
22
41
23
35
22
9
64
22
38
90
72
90
74
15
92
63
40
83
83
66
32
99
55
29
94
23
90
30
56
63
93
3
88
28
88
15
12
96
88
43
94
18
36
29
52
27
95
88
42
56
30
42
1
22
88
99
27
10
99
37
83
13
18
78
48
6
97
40
5
31
6
37
54
10
28
29
6
57
8
92
100
38
38
75
24
20
80
73
2
50
22
46
45
88
32
10
40
49
67
21
57
24
73
38
52
93
78
66
19
11
75
10
68
94
87
44
9
56
89
11
31
43
27
14
33
36
41
74
29
7
76
63
72
4
59
77
72
32
39
21
53
59
28
35
3
24
85
69
49
97
36
8
82
98
60
78
7
63
81
14
49
62
52
63
13
12
2
95
58
5
78
15
99
6
11
82
57
26
53
98
30
16
62
13
80
65
6
41
68
98
31
60
46
37
95
48
58
15
66
24
60
21
53
53
71
57
2
37
56
9
84
98
46
56
7
97
71
17
64
38
49
40
54
27
12
66
14
79
89
83
10
50
43
100
39
39
69
30
36
52
22
81
1
78
4
32
98
55
8
6
100
34
7
17
70
2
61
11
93
36
50
78
37
32
69
29
68
26
94
2
65
47
96
24
19
30
39
73
85
66
33
1
63
61
37
49
75
57
50
17
4
77
13
84
72
71
69
84
78
79
70
15
47
59
33
86
42
5
44
93
23
27
1
10
47
9
17
41
28
43
71
3
82
70
45
60
59
96
5
40
48
62
56
33
32
70
24
95
93
59
53
100
3
58
24
9
96
61
30
60
50
65
28
9
10
8
13
39
17
44
45
40
23
14
99
41
78
18
30
65
18
26
1
26
37
76
19
78
68
62
10
9
9
97
4
79
